0
0.563079609
0.874438889
0.884592892
0.754489644
0.678641147
0.714584509
0.77951298
0.782305418
0.72693677
0.685211222
0.698065615
0.732603678
0.734802119
0.698995377
0.667712625
0.67215996
0.694619605
0.696630983
0.669961378
0.643825998
0.643876675
0.659755461
0.661663046
0.640354125
0.617339178
0.614661696
0.626337767
0.628163877
0.610423526
0.589542148
0.584992235
0.593708448
0.595457239
0.58029351
0.560993137
0.555069967
0.561556882
0.563225532
0.550031125
0.531972699
0.524994434
0.529717533
0.531300041
0.519675489
0.502637166
0.494820334
0.498094179
0.4995829
0.48925085
0.4730805
0.464580197
0.466627109
0.46801345
0.458772988
0.443362555
0.434294579
0.435277338
0.436552094
0.428252581
0.413523252
0.403977125
0.404018352
0.405171883
0.397697086
0.383590232
0.373637261
0.372831509
0.37385383
0.367111842
0.353583234
0.34328173
0.341703337
0.342584161
0.336500751
0.323516733
0.312915505
0.310623872
0.311352624
0.305866705
0.293401579
0.282542362
0.2795856
0.280151416
0.275211869
0.263246075
0.252165243
0.248582766
0.248974474
0.244537867
0.233056681
0.221786508
0.217610897
0.217816989
0.213845909
0.202838506
0.191408102
0.186666481
0.186675076
0.183136886
0.172595654
0.161031677
0.155746739
0.155545532
0.152411424
0.142331466
0.130658683
0.124849457
0.124425659
0.12166993
0.112048702
0.100290438
0.093972867
0.093313135
0.090912622
0.081749678
0.06992818
0.063115564
0.062205906
0.06013954
0.051436366
0.039573119
0.032276433
0.031102109
0.02935056
0.021110477
0.009226475
0.001454609
2.20E-17
-0.001454609
-0.009226475
-0.021110477
-0.02935056
-0.031102109
-0.032276433
-0.039573119
-0.051436366
-0.06013954
-0.062205906
-0.063115564
-0.06992818
-0.081749678
-0.090912622
-0.093313135
-0.093972867
-0.100290438
-0.112048702
-0.12166993
-0.124425659
-0.124849457
-0.130658683
-0.142331466
-0.152411424
-0.155545532
-0.155746739
-0.161031677
-0.172595654
-0.183136886
-0.186675076
-0.186666481
-0.191408102
-0.202838506
-0.213845909
-0.217816989
-0.217610897
-0.221786508
-0.233056681
-0.244537867
-0.248974474
-0.248582766
-0.252165243
-0.263246075
-0.275211869
-0.280151416
-0.2795856
-0.282542362
-0.293401579
-0.305866705
-0.311352624
-0.310623872
-0.312915505
-0.323516733
-0.336500751
-0.342584161
-0.341703337
-0.34328173
-0.353583234
-0.367111842
-0.37385383
-0.372831509
-0.373637261
-0.383590232
-0.397697086
-0.405171883
-0.404018352
-0.403977125
-0.413523252
-0.428252581
-0.436552094
-0.435277338
-0.434294579
-0.443362555
-0.458772988
-0.46801345
-0.466627109
-0.464580197
-0.4730805
-0.48925085
-0.4995829
-0.498094179
-0.494820334
-0.502637166
-0.519675489
-0.531300041
-0.529717533
-0.524994434
-0.531972699
-0.550031125
-0.563225532
-0.561556882
-0.555069967
-0.560993137
-0.58029351
-0.595457239
-0.593708448
-0.584992235
-0.589542148
-0.610423526
-0.628163877
-0.626337767
-0.614661696
-0.617339178
-0.640354125
-0.661663046
-0.659755461
-0.643876675
-0.643825998
-0.669961378
-0.696630983
-0.694619605
-0.67215996
-0.667712625
-0.698995377
-0.734802119
-0.732603678
-0.698065615
-0.685211222
-0.72693677
-0.782305418
-0.77951298
-0.714584509
-0.678641147
-0.754489644
-0.884592892
-0.874438889
-5.63E-01
-7.03E-15
0.563079609
0.874438889
0.884592892
0.754489644
0.678641147
0.714584509
0.77951298
0.782305418
0.72693677
0.685211222
0.698065615
0.732603678
0.734802119
0.698995377
0.667712625
0.67215996
0.694619605
0.696630983
0.669961378
0.643825998
0.643876675
0.659755461
0.661663046
0.640354125
0.617339178
0.614661696
0.626337767
0.628163877
0.610423526
0.589542148
0.584992235
0.593708448
0.595457239
0.58029351
0.560993137
0.555069967
0.561556882
0.563225532
0.550031125
0.531972699
0.524994434
0.529717533
0.531300041
0.519675489
0.502637166
0.494820334
0.498094179
0.4995829
0.48925085
0.4730805
0.464580197
0.466627109
0.46801345
0.458772988
0.443362555
0.434294579
0.435277338
0.436552094
0.428252581
0.413523252
0.403977125
0.404018352
0.405171883
0.397697086
0.383590232
0.373637261
0.372831509
0.37385383
0.367111842
0.353583234
0.34328173
0.341703337
0.342584161
0.336500751
0.323516733
0.312915505
0.310623872
0.311352624
0.305866705
0.293401579
0.282542362
0.2795856
0.280151416
0.275211869
0.263246075
0.252165243
0.248582766
0.248974474
0.244537867
0.233056681
0.221786508
0.217610897
0.217816989
0.213845909
0.202838506
0.191408102
0.186666481
0.186675076
0.183136886
0.172595654
0.161031677
0.155746739
0.155545532
0.152411424
0.142331466
0.130658683
0.124849457
0.124425659
0.12166993
0.112048702
0.100290438
0.093972867
0.093313135
0.090912622
0.081749678
0.06992818
0.063115564
0.062205906
0.06013954
0.051436366
0.039573119
0.032276433
0.031102109
0.02935056
0.021110477
0.009226475
0.001454609
-3.26E-17
-0.001454609
-0.009226475
-0.021110477
-0.02935056
-0.031102109
-0.032276433
-0.039573119
-0.051436366
-0.06013954
-0.062205906
-0.063115564
-0.06992818
-0.081749678
-0.090912622
-0.093313135
-0.093972867
-0.100290438
-0.112048702
-0.12166993
-0.124425659
-0.124849457
-0.130658683
-0.142331466
-0.152411424
-0.155545532
-0.155746739
-0.161031677
-0.172595654
-0.183136886
-0.186675076
-0.186666481
-0.191408102
-0.202838506
-0.213845909
-0.217816989
-0.217610897
-0.221786508
-0.233056681
-0.244537867
-0.248974474
-0.248582766
-0.252165243
-0.263246075
-0.275211869
-0.280151416
-0.2795856
-0.282542362
-0.293401579
-0.305866705
-0.311352624
-0.310623872
-0.312915505
-0.323516733
-0.336500751
-0.342584161
-0.341703337
-0.34328173
-0.353583234
-0.367111842
-0.37385383
-0.372831509
-0.373637261
-0.383590232
-0.397697086
-0.405171883
-0.404018352
-0.403977125
-0.413523252
-0.428252581
-0.436552094
-0.435277338
-0.434294579
-0.443362555
-0.458772988
-0.46801345
-0.466627109
-0.464580197
-0.4730805
-0.48925085
-0.4995829
-0.498094179
-0.494820334
-0.502637166
-0.519675489
-0.531300041
-0.529717533
-0.524994434
-0.531972699
-0.550031125
-0.563225532
-0.561556882
-0.555069967
-0.560993137
-0.58029351
-0.595457239
-0.593708448
-0.584992235
-0.589542148
-0.610423526
-0.628163877
-0.626337767
-0.614661696
-0.617339178
-0.640354125
-0.661663046
-0.659755461
-0.643876675
-0.643825998
-0.669961378
-0.696630983
-0.694619605
-0.67215996
-0.667712625
-0.698995377
-0.734802119
-0.732603678
-0.698065615
-0.685211222
-0.72693677
-0.782305418
-0.77951298
-0.714584509
-0.678641147
-0.754489644
-0.884592892
-0.874438889
-0.563079609